alpha: 0.42003650805386916
colsample_bytree: 0.5070154806527786
lambda: 0.9205693178258856
learning_rate: 0.02096267158269049
max_depth: 3
n_estimators: 373
subsample: 0.6123155427326998
