alpha: 1.0950709494017332
colsample_bytree: 0.42569748210874714
lambda: 0.21783325922928767
learning_rate: 0.030905995970937187
max_depth: 3
n_estimators: 250
subsample: 0.770725575919481
